0 0.5048076923076923 0.6454326923076923 0.019230769230769232 0.046875
0 0.4807692307692308 0.5240384615384616 0.02403846153846154 0.04567307692307692
0 0.45552884615384615 0.47475961538461536 0.030048076923076924 0.03365384615384615
0 0.4543269230769231 0.5120192307692307 0.020432692307692308 0.03365384615384615
0 0.4831730769230769 0.4807692307692308 0.02403846153846154 0.025240384615384616
0 0.4206730769230769 0.47596153846153844 0.03125 0.03245192307692308
0 0.39302884615384615 0.4723557692307692 0.021634615384615384 0.025240384615384616
0 0.53125 0.5204326923076923 0.03365384615384615 0.04447115384615385
0 0.44711538461538464 0.59375 0.02403846153846154 0.040865384615384616
0 0.4543269230769231 0.421875 0.026442307692307692 0.028846153846153848
0 0.4891826923076923 0.4206730769230769 0.03125 0.026442307692307692
0 0.5228365384615384 0.47115384615384615 0.025240384615384616 0.04447115384615385
0 0.41346153846153844 0.42788461538461536 0.027644230769230768 0.030048076923076924
0 0.5300480769230769 0.40865384615384615 0.04567307692307692 0.025240384615384616
0 0.7379807692307693 0.6081730769230769 0.04326923076923077 0.04447115384615385