0 0.6634615384615384 0.7932692307692307 0.25 0.41225961538461536
0 0.8149038461538461 0.37740384615384615 0.12139423076923077 0.3173076923076923
0 0.22115384615384615 0.9002403846153846 0.06850961538461539 0.1346153846153846
0 0.42788461538461536 0.15384615384615385 0.16947115384615385 0.27524038461538464
0 0.265625 0.06971153846153846 0.10817307692307693 0.12139423076923077
0 0.08774038461538461 0.13822115384615385 0.06850961538461539 0.07692307692307693
0 0.3317307692307692 0.5456730769230769 0.04326923076923077 0.06490384615384616
0 0.23197115384615385 0.7079326923076923 0.054086538461538464 0.1045673076923077
0 0.30408653846153844 0.23076923076923078 0.0733173076923077 0.13942307692307693
0 0.90625 0.6670673076923077 0.038461538461538464 0.07932692307692307
0 0.4254807692307692 0.8822115384615384 0.28125 0.1141826923076923
0 0.6213942307692307 0.2860576923076923 0.11658653846153846 0.12860576923076922
0 0.5733173076923077 0.5072115384615384 0.054086538461538464 0.12860576923076922
0 0.7331730769230769 0.40024038461538464 0.052884615384615384 0.11899038461538461
0 0.6850961538461539 0.40024038461538464 0.027644230769230768 0.08653846153846154
0 0.7139423076923077 0.5492788461538461 0.021634615384615384 0.0625
0 0.49158653846153844 0.4074519230769231 0.02283653846153846 0.21394230769230768
0 0.4170673076923077 0.48677884615384615 0.014423076923076924 0.1310096153846154
0 0.4483173076923077 0.4675480769230769 0.016826923076923076 0.15144230769230768
0 0.3629807692307692 0.4326923076923077 0.03125 0.054086538461538464
0 0.41225961538461536 0.37740384615384615 0.028846153846153848 0.042067307692307696
0 0.25 0.5096153846153846 0.025240384615384616 0.04927884615384615
0 0.2644230769230769 0.5300480769230769 0.027644230769230768 0.0673076923076923
0 0.28365384615384615 0.7055288461538461 0.021634615384615384 0.07211538461538461