0 0.4891826923076923 0.5408653846153846 0.055288461538461536 0.13822115384615385
0 0.3762019230769231 0.5829326923076923 0.09615384615384616 0.15745192307692307
0 0.2848557692307692 0.7091346153846154 0.056490384615384616 0.12860576923076922
0 0.46153846153846156 0.6959134615384616 0.051682692307692304 0.13341346153846154
0 0.6430288461538461 0.671875 0.04447115384615385 0.12379807692307693
0 0.7211538461538461 0.625 0.09014423076923077 0.07451923076923077
0 0.39783653846153844 0.2848557692307692 0.054086538461538464 0.11057692307692307
0 0.5949519230769231 0.47475961538461536 0.025240384615384616 0.07211538461538461
0 0.7043269230769231 0.5612980769230769 0.019230769230769232 0.03245192307692308
0 0.4567307692307692 0.20192307692307693 0.030048076923076924 0.04447115384615385
0 0.4254807692307692 0.055288461538461536 0.028846153846153848 0.056490384615384616