0 0.9194711538461539 0.3870192307692308 0.08173076923076923 0.13581730769230768
0 0.8473557692307693 0.5060096153846154 0.04447115384615385 0.03365384615384615
0 0.9290865384615384 0.6021634615384616 0.078125 0.042067307692307696
0 0.5877403846153846 0.47115384615384615 0.056490384615384616 0.11658653846153846
0 0.5132211538461539 0.5036057692307693 0.08052884615384616 0.13942307692307693
0 0.8329326923076923 0.4326923076923077 0.051682692307692304 0.08173076923076923
0 0.8774038461538461 0.8040865384615384 0.03485576923076923 0.04567307692307692
0 0.5144230769230769 0.6237980769230769 0.09375 0.04807692307692308
0 0.6971153846153846 0.6418269230769231 0.038461538461538464 0.04567307692307692
0 0.6778846153846154 0.27283653846153844 0.042067307692307696 0.07451923076923077
0 0.921875 0.8149038461538461 0.016826923076923076 0.028846153846153848