0 0.15264423076923078 0.5865384615384616 0.08173076923076923 0.17307692307692307
0 0.3449519230769231 0.5949519230769231 0.07932692307692307 0.11778846153846154
0 0.2247596153846154 0.578125 0.04447115384615385 0.11538461538461539
0 0.3293269230769231 0.7163461538461539 0.03245192307692308 0.06850961538461539
0 0.14903846153846154 0.7199519230769231 0.04807692307692308 0.07572115384615384
0 0.018028846153846152 0.5360576923076923 0.03365384615384615 0.11538461538461539
0 0.4879807692307692 0.5564903846153846 0.030048076923076924 0.0733173076923077
0 0.41225961538461536 0.640625 0.015625 0.12620192307692307
0 0.9699519230769231 0.6814903846153846 0.06009615384615385 0.12259615384615384
0 0.875 0.20432692307692307 0.07211538461538461 0.0889423076923077
0 0.6875 0.19230769230769232 0.05889423076923077 0.042067307692307696
0 0.5492788461538461 0.20072115384615385 0.04447115384615385 0.055288461538461536
0 0.6286057692307693 0.16105769230769232 0.025240384615384616 0.042067307692307696
0 0.7475961538461539 0.20432692307692307 0.025240384615384616 0.036057692307692304