0 0.3329326923076923 0.6033653846153846 0.06850961538461539 0.10096153846153846
0 0.328125 0.4639423076923077 0.06610576923076923 0.08653846153846154
0 0.5084134615384616 0.5192307692307693 0.09615384615384616 0.06971153846153846
0 0.6670673076923077 0.5252403846153846 0.07211538461538461 0.057692307692307696
0 0.5973557692307693 0.38461538461538464 0.051682692307692304 0.06971153846153846
0 0.5144230769230769 0.6802884615384616 0.07572115384615384 0.0673076923076923
0 0.44350961538461536 0.4855769230769231 0.040865384615384616 0.0673076923076923
0 0.4170673076923077 0.3245192307692308 0.05048076923076923 0.03365384615384615
0 0.7163461538461539 0.2692307692307692 0.014423076923076924 0.051682692307692304
0 0.38822115384615385 0.46033653846153844 0.038461538461538464 0.0829326923076923
0 0.6622596153846154 0.6598557692307693 0.025240384615384616 0.03125
0 0.4387019230769231 0.6189903846153846 0.013221153846153846 0.018028846153846152
0 0.35096153846153844 0.25721153846153844 0.019230769230769232 0.027644230769230768
0 0.3016826923076923 0.3233173076923077 0.021634615384615384 0.018028846153846152
0 0.43990384615384615 0.7199519230769231 0.016826923076923076 0.03365384615384615
0 0.39903846153846156 0.6682692307692307 0.010817307692307692 0.027644230769230768
0 0.6610576923076923 0.375 0.046875 0.057692307692307696
0 0.5444711538461539 0.39663461538461536 0.015625 0.03365384615384615