0 0.34975961538461536 0.3016826923076923 0.040865384615384616 0.109375
0 0.41346153846153844 0.22235576923076922 0.040865384615384616 0.056490384615384616
0 0.10576923076923077 0.31850961538461536 0.05889423076923077 0.11658653846153846
0 0.24879807692307693 0.22716346153846154 0.1045673076923077 0.12259615384615384
0 0.14302884615384615 0.3954326923076923 0.16105769230769232 0.15144230769230768
0 0.47475961538461536 0.3641826923076923 0.19110576923076922 0.28125
0 0.6778846153846154 0.32091346153846156 0.10576923076923077 0.1658653846153846
0 0.5973557692307693 0.5721153846153846 0.051682692307692304 0.08413461538461539
0 0.5168269230769231 0.5552884615384616 0.06490384615384616 0.06370192307692307
0 0.34615384615384615 0.41346153846153844 0.040865384615384616 0.04447115384615385
0 0.8629807692307693 0.46033653846153844 0.04326923076923077 0.10096153846153846