0 0.8341346153846154 0.25240384615384615 0.125 0.1141826923076923
0 0.7139423076923077 0.2764423076923077 0.04807692307692308 0.09134615384615384
0 0.8473557692307693 0.3557692307692308 0.021634615384615384 0.07451923076923077
0 0.9014423076923077 0.3918269230769231 0.030048076923076924 0.0673076923076923
0 0.020432692307692308 0.5841346153846154 0.025240384615384616 0.1201923076923077
0 0.4266826923076923 0.24158653846153846 0.09975961538461539 0.06490384615384616
0 0.4074519230769231 0.4891826923076923 0.03245192307692308 0.0733173076923077
0 0.32211538461538464 0.35336538461538464 0.026442307692307692 0.08533653846153846
0 0.21754807692307693 0.578125 0.03365384615384615 0.04927884615384615
0 0.140625 0.5072115384615384 0.056490384615384616 0.06490384615384616
0 0.3293269230769231 0.5012019230769231 0.028846153846153848 0.037259615384615384
0 0.13581730769230768 0.32211538461538464 0.018028846153846152 0.02403846153846154
0 0.39783653846153844 0.3317307692307692 0.026442307692307692 0.07091346153846154
0 0.453125 0.35096153846153844 0.027644230769230768 0.0733173076923077
0 0.8100961538461539 0.34375 0.021634615384615384 0.07451923076923077