0 0.054086538461538464 0.546875 0.039663461538461536 0.037259615384615384
0 0.6838942307692307 0.5060096153846154 0.04326923076923077 0.030048076923076924
0 0.7836538461538461 0.49158653846153844 0.030048076923076924 0.03485576923076923
0 0.09254807692307693 0.5432692307692307 0.01201923076923077 0.021634615384615384
0 0.15264423076923078 0.5432692307692307 0.01201923076923077 0.016826923076923076
0 0.5288461538461539 0.5204326923076923 0.07451923076923077 0.021634615384615384
0 0.7259615384615384 0.49759615384615385 0.03365384615384615 0.027644230769230768
0 0.19951923076923078 0.5432692307692307 0.007211538461538462 0.014423076923076924
0 0.32091346153846156 0.5432692307692307 0.02403846153846154 0.013221153846153846
0 0.4266826923076923 0.5132211538461539 0.02403846153846154 0.013221153846153846
0 0.4567307692307692 0.5324519230769231 0.007211538461538462 0.01201923076923077