0 0.5504807692307693 0.40384615384615385 0.04567307692307692 0.08413461538461539
0 0.40625 0.3894230769230769 0.051682692307692304 0.10336538461538461
0 0.13822115384615385 0.3894230769230769 0.07211538461538461 0.0985576923076923
0 0.046875 0.4675480769230769 0.046875 0.10697115384615384
0 0.19471153846153846 0.49278846153846156 0.027644230769230768 0.05048076923076923
0 0.3425480769230769 0.5048076923076923 0.04447115384615385 0.040865384615384616
0 0.28125 0.4170673076923077 0.037259615384615384 0.039663461538461536
0 0.27403846153846156 0.3641826923076923 0.03245192307692308 0.046875
0 0.4723557692307692 0.4963942307692308 0.026442307692307692 0.028846153846153848
0 0.6286057692307693 0.46033653846153844 0.02403846153846154 0.046875
0 0.6887019230769231 0.40384615384615385 0.042067307692307696 0.06971153846153846
0 0.609375 0.49038461538461536 0.015625 0.037259615384615384
0 0.5877403846153846 0.35697115384615385 0.02283653846153846 0.046875
0 0.3629807692307692 0.33653846153846156 0.03125 0.021634615384615384
0 0.3317307692307692 0.38341346153846156 0.020432692307692308 0.07211538461538461
0 0.35096153846153844 0.44471153846153844 0.015625 0.018028846153846152
0 0.6838942307692307 0.3329326923076923 0.019230769230769232 0.03245192307692308