0 0.6394230769230769 0.10697115384615384 0.15264423076923078 0.20673076923076922
0 0.359375 0.6983173076923077 0.040865384615384616 0.10817307692307693
0 0.4182692307692308 0.7391826923076923 0.03125 0.08533653846153846
0 0.2536057692307692 0.7007211538461539 0.040865384615384616 0.05889423076923077
0 0.5865384615384616 0.6838942307692307 0.06370192307692307 0.07572115384615384
0 0.49278846153846156 0.7199519230769231 0.04807692307692308 0.055288461538461536
0 0.5180288461538461 0.6382211538461539 0.03485576923076923 0.056490384615384616
0 0.6490384615384616 0.6899038461538461 0.054086538461538464 0.06370192307692307
0 0.7908653846153846 0.6370192307692307 0.1622596153846154 0.16466346153846154
0 0.7295673076923077 0.9447115384615384 0.018028846153846152 0.028846153846153848
0 0.18509615384615385 0.9302884615384616 0.04447115384615385 0.052884615384615384
0 0.5709134615384616 0.9423076923076923 0.021634615384615384 0.04927884615384615
0 0.8605769230769231 0.9519230769230769 0.07692307692307693 0.09495192307692307
0 0.5973557692307693 0.5324519230769231 0.039663461538461536 0.040865384615384616
0 0.6826923076923077 0.5264423076923077 0.014423076923076924 0.036057692307692304
0 0.6514423076923077 0.546875 0.01201923076923077 0.021634615384615384
0 0.6322115384615384 0.5420673076923077 0.007211538461538462 0.030048076923076924
0 0.3557692307692308 0.9459134615384616 0.020432692307692308 0.019230769230769232