0 0.22235576923076922 0.5204326923076923 0.07451923076923077 0.0733173076923077
0 0.5072115384615384 0.2956730769230769 0.09495192307692307 0.11057692307692307
0 0.6634615384615384 0.3473557692307692 0.054086538461538464 0.06971153846153846
0 0.7199519230769231 0.43028846153846156 0.051682692307692304 0.04807692307692308
0 0.8990384615384616 0.40024038461538464 0.026442307692307692 0.036057692307692304
0 0.9314903846153846 0.3894230769230769 0.025240384615384616 0.036057692307692304
0 0.7680288461538461 0.4519230769230769 0.02403846153846154 0.04447115384615385
0 0.8028846153846154 0.39783653846153844 0.028846153846153848 0.028846153846153848
0 0.8112980769230769 0.453125 0.04567307692307692 0.037259615384615384
0 0.6370192307692307 0.4495192307692308 0.04326923076923077 0.054086538461538464
0 0.45552884615384615 0.5 0.055288461538461536 0.078125
0 0.36899038461538464 0.5252403846153846 0.04326923076923077 0.04326923076923077
0 0.41466346153846156 0.5216346153846154 0.028846153846153848 0.037259615384615384
0 0.4206730769230769 0.4362980769230769 0.016826923076923076 0.06370192307692307
0 0.5913461538461539 0.46033653846153844 0.01201923076923077 0.02403846153846154