0 0.12980769230769232 0.5757211538461539 0.08533653846153846 0.04927884615384615
0 0.07211538461538461 0.49759615384615385 0.09134615384615384 0.057692307692307696
0 0.7247596153846154 0.5625 0.05889423076923077 0.10216346153846154
0 0.5997596153846154 0.5456730769230769 0.05889423076923077 0.078125
0 0.921875 0.44350961538461536 0.040865384615384616 0.06009615384615385
0 0.6959134615384616 0.4338942307692308 0.042067307692307696 0.055288461538461536
0 0.5504807692307693 0.4170673076923077 0.039663461538461536 0.04927884615384615
0 0.5925480769230769 0.47596153846153844 0.03245192307692308 0.04447115384615385
0 0.8497596153846154 0.421875 0.014423076923076924 0.036057692307692304
0 0.8677884615384616 0.44350961538461536 0.008413461538461538 0.028846153846153848
0 0.7776442307692307 0.4074519230769231 0.03125 0.02403846153846154
0 0.8040865384615384 0.5336538461538461 0.02403846153846154 0.03125
0 0.5408653846153846 0.46153846153846156 0.03125 0.036057692307692304
0 0.41947115384615385 0.4266826923076923 0.018028846153846152 0.026442307692307692
0 0.35697115384615385 0.49278846153846156 0.02403846153846154 0.028846153846153848