0 0.625 0.7584134615384616 0.09975961538461539 0.24759615384615385
0 0.49399038461538464 0.7728365384615384 0.10336538461538461 0.20793269230769232
0 0.39663461538461536 0.7752403846153846 0.027644230769230768 0.15745192307692307
0 0.3161057692307692 0.7836538461538461 0.09495192307692307 0.16346153846153846
0 0.7391826923076923 0.8149038461538461 0.038461538461538464 0.06129807692307692
0 0.8461538461538461 0.8149038461538461 0.1310096153846154 0.078125
0 0.8485576923076923 0.14302884615384615 0.27524038461538464 0.2644230769230769
0 0.453125 0.17427884615384615 0.21634615384615385 0.32572115384615385
0 0.6658653846153846 0.39663461538461536 0.22235576923076922 0.39903846153846156
0 0.8533653846153846 0.4723557692307692 0.12259615384615384 0.2920673076923077
0 0.15504807692307693 0.49158653846153844 0.15504807692307693 0.7247596153846154